rid
780
7849
2978
2049
2101
8717
10594
826
11224
6158
1982
8664
11315
6727
2665
6135
6144
6152
4735
6233
6207
2197
1072
6141
8665
6193
6155
6164
4677
56910
6143
5250
6205
6133
1655
6128
23399
4736
11335
5690
10657
51493
2079
23
1603
11143
7705
9092
3608
9552
8882
6881
10438
4841
23020
387
10921
6229
6156
3326
375
3550
8724
27013
10285
4670
9045
2987
79036
533
6194
23326
6923
1327
10959
2339
6230
6167
1938
3190
51433
6189
3192
8661
7184
4478
81
351
5573
1832
5885
4691
9948
1173
1213
163
9761
3927
10992
9528
1465
808
9782
10487
10728
7453
10397
5216
5792
7534
6647
65108
2752
4924
3939
10399
6746
5034
292
5245
6282
5476
9804
967
3337
7323
7494
6711
9741
6161
975
754
2896
3146
2739
7332
9295
23450
3313
10971
57062
5518
3098
11014
10577
8655
1933
9516
5589
2806
2280
37
6500
22919
23521
10121
4076
5501
10097
7803
377
2876
5230
6612
6232
1200
2782
4926
5901
823
813
4779
10550
1808
6176
1495
1509
4144
3915
5757
23196
9689
468
6210
308
3925
4035
5695
8682
1891
4953
8826
2547
50
8404
4170
3303
6301
7009
10960
3329
7791
1153
10574
5720
5048
6204
6209
5714
3920
6159
2950
10525
6633
5351
7756
5708
6319
5908
6227
10134
1508
3735
2058
9588
5499
51669
10768
9798
2783
3015
9611
6202
23019
1718
8766
5660
55905
11171
6281
10694
10528
5689
10575
2034
3301
5710
7385
1152
389
5223
6772
6745
6434
2288
3068
10724
4074
9403
191
23022
6181
7203
1974
5496
3895
6734
1912
694
10945
3959
6520
1337
6228
10972
7414
10540
7913
811
6132
6125
473
3281
3150
22872
2746
8079
6224
10552
894
527
10989
6749
6386
2521
22928
6160
7317
3983
226
5479
27230
10099
59
5538
8887
4190
5160
2778
309
966
710
3091
10155
9784
10527
10970
16
6748
928
3032
10628
6184
301
10606
3728
1964
7533
11034
6879
9669
4267
3945
3187
10904
120
3033
5214
5886
2771
7052
1843
5870
6222
23646
8125
9491
10949
2804
10398
2040
5954
8761
1537
5701
4313
23451
6599
4809
9375
9144
8396
9774
5829
526
10376
5931
6389
6235
1611
378
9276
8239
5211
3956
2879
7057
1434
7284
5688
5425
1363
5226
1351
10857
1984
3693
4245
999
3188
9867
1350
1892
5355
3115
6741
10457
1965
10456
4780
7078
4154
6124
9927
5878
4836
8531
9698
396
8553
8992
54386
51075
372
10054
25793
2773
1108
5654
4043
3710
5306
3417
6415
8140
262
5707
8804
1476
5111
6238
7126
3065
5641
5510
5358
10961
6625
5887
10250
4714
10425
2023
5719
3611
7832
830
1653
481
5894
6721
6513
5315
5704
10423
9167
6217
6856
6897
11316
7296
5702
23386
22913
231
6726
5686
2224
5869
3182
1601
11047
4967
327
23608
6382
397
3491
23478
7153
26118
307
9775
4698
10541
55752
9315
6451
2026
10494
10581
5683
10627
6601
506
10969
2012
908
2114
5917
6778
23365
9341
6342
8507
6631
7322
79602
9368
2319
10730
11176
1315
1471
79073
4947
678
8452
5339
5516
3185
9898
7165
10491
4077
1665
7345
5709
3678
1460
10131
3482
10181
6449
26227
23471
5691
156
4259
10980
6173
5500
55041
26020
3295
4676
2937
6659
8314
79084
10437
8451
217
7431
6414
1364
6168
1809
847
9791
7265
1977
1293
8729
9416
1340
10159
1266
7072
6009
9520
9184
10856
9261
9805
6888
3725
1728
6464
9446
8878
7411
3726
3675
4141
6240
1736
6829
5834
5768
6827
5955
1075
10105
10598
6171
23369
5547
4629
7874
6992
2926
4792
10146
3912
7045
5201
3487
14
7247
6723
10951
9868
22916
347
381
9296
6117
7538
5684
1499
5412
1845
10467
56681
9320
10765
3916
4172
6844
25932
22883
6652
6624
3398
2803
27089
25813
1635
2107
22938
2720
4830
5420
2195
56255
10212
6421
3654
9352
8243
11188
8667
9989
55854
3875
1347
3636
4942
11331
8519
4659
1265
11137
23463
223
8906
8607
800
10935
8720
4681
27044
1615
3638
10670
8870
1967
80777
8087
1209
684
3460
3371
950
3716
9246
3880
11252
10987
10175
3339
400
2181
10051
7076
2697
4082
9097
2997
8165
56941
51593
9231
9512
9878
8539
7163
1958
4860
6429
1786
5706
896
10424
5514
955
5713
5824
8508
4605
5903
7283
22985
740
2037
7805
2589
8872
1994
9703
7175
1182
10299
10289
6446
4722
6426
929
4060
5756
7157
6294
1889
9929
1345
6118
7251
55884
10797
5721
1616
79022
3073
60528
9685
6626
10067
51582
23394
9918
9813
11342
9049
5970
10944
6035
103
11325
1717
165
9887
3930
7407
26509
5007
2030
5431
1155
5571
9559
2022
9467
9779
2631
9690
79888
949
3852
9604
51097
6603
8933
10276
8615
3066
5564
9913
4072
4738
3315
2202
23429
3988
664
822
6455
994
23300
51663
5552
5327
9208
26017
2664
10953
51035
6059
9019
5445
5527
25820
1048
1727
80344
3597
10447
6241
3615
369
84722
1163
7319
10327
7528
7384
10217
1857
6192
10160
2935
80347
11231
55186
6574
2790
10412
10549
4299
1604
8502
4175
2108
10489
5119
80335
8672
8099
10769
1362
3074
5045
10576
29889
832
214
10519
10095
892
8443
4660
23077
10193
2180
23064
4720
10180
5236
4678
523
4651
9812
5536
6251
5069
1956
9897
9969
1389
3799
9987
9643
2131
23013
6480
6993
4700
10449
5782
4811
11344
7082
2132
23645
4232
2052
4057
10314
10209
230
1942
439
6392
25829
6169
10295
9821
6422
9354
5927
9158
3035
6611
2909
23466
9202
26064
224
9646
6400
8500
3949
3419
6385
3191
10133
5360
329
4706
8533
22906
9592
6397
9414
4599
1514
25800
10975
23568
54623
332
706
9972
5899
23476
3476
2802
4171
5184
23647
1349
6522
7450
6643
26155
5977
392
8895
27243
10226
25
66008
8899
9870
8780
25937
10120
10771
7965
1198
10920
4061
3475
5831
4739
10422
23636
10381
8021
10659
1387
5585
9337
5504
64210
60496
7716
5108
79586
2071
2621
5590
642
9961
9766
2648
3835
55746
8985
5525
9688
8522
3985
50999
27122
8897
6732
645
3910
267
7408
10123
27258
26286
23481
8450
4802
8209
9415
6535
22889
1674
3703
1398
10902
27020
10523
10480
7388
6566
4837
143
5347
10221
7102
5692
4047
1019
1874
50717
9129
5872
1785
26037
10421
10443
6812
6944
23564
51706
10452
648
51567
3918
8883
2633
23219
5159
72
2539
7979
10558
9556
2580
3028
5176
1026
4070
2475
11333
4256
10274
1512
11079
4694
10542
65117
8467
22862
5436
6890
6720
4522
1277
5520
1595
613
10277
26054
9453
64746
522
10919
5310
1445
7374
593
1454
7320
11243
7083
3164
3297
2171
3093
1861
4147
3685
5718
2962
629
399979
9794
9632
5906
6695
4601
84747
35
9697
865
79921
25782
9871
12
54741
4820
8754
10007
8242
6949
9665
5997
3064
10409
23761
7071
55324
4905
10915
10204
10239
6722
833
1278
7073
26121
3429
7398
2073
23640
7266
9817
10897
2531
1660
3321
2182
7994
5605
25874
4609
5532
10237
1545
3423
6764
10613
1176
4853
5359
1666
6256
1513
10444
2965
2065
10014
5530
11098
9663
8892
9879
53615
5209
5118
11044
9318
8727
11052
4351
3054
10430
10844
28951
9249
5902
8932
10939
5349
8518
79065
10450
6903
23644
6515
3300
34
9768
23650
6629
6744
6616
7127
5528
1739
1400
9275
22877
4292
10664
23760
9806
5652
4089
2582
5635
3659
1719
8772
25978
3156
9255
2764
5580
8673
8874
9217
51232
25949
2947
4638
10445
6782
26097
8658
11161
402
6840
6634
4140
22839
1455
1382
55308
2305
10048
4799
203
7298
5164
6742
51573
23484
3664
6284
8204
27336
102
2990
9874
3340
2059
9282
1503
10463
2776
4204
5352
3661
6311
55837
5054
10513
11073
5440
7844
3383
8498
403
8295
7128
4221
4893
6223
9772
9926
322
64844
7873
9792
8799
5699
3709
7456
86
1948
5604
467
8813
4008
6390
5921
2958
4864
2961
8731
558
8743
29890
6632
9263
9943
649
7726
8446
10140
9133
8349
2331
10282
1947
9692
790
5770
3485
26136
2673
2308
5430
3978
4052
11142
8974
9322
10682
25804
5257
5567
8503
6575
9101
9452
2634
7485
24144
9861
23518
2817
25920
8625
23224
9475
836
6786
2200
53
2354
901
9780
3155
6433
30836
8036
7750
27338
5019
51763
23530
4701
27347
7867
5335
1366
9701
10162
3628
11346
22908
10427
8192
6507
5566
3689
4363
1627
10043
54838
65123
4733
10617
2548
6894
6760
6924
196
4026
6921
291
6692
4323
6845
2542
2877
9648
183
10907
2517
4713
8148
4189
10928
5106
5825
79719
3251
7307
3576
9909
5187
2184
6672
54788
10775
4938
991
9618
528
5089
22918
9267
5519
54541
290
9053
4817
8697
10497
2050
140885
9672
1869
4927
1520
4683
7466
976
2956
133
9826
9917
6279
25843
287
2729
5326
51594
5300
1652
8803
7525
3099
6662
27341
10269
4729
2109
4668
2356
22903
2995
3554
2274
1429
11329
8038
713
11065
10565
3059
5780
4594
9551
23303
5993
827
2941
8445
4354
22836
58487
6477
6596
9529
9915
5996
5836
10948
730
2192
57804
4017
11075
51421
4209
4055
3632
10434
6776
3612
11319
117178
6590
10535
56951
8260
9925
4597
1535
5799
7390
6157
10401
9788
5796
4719
3145
9189
22856
4814
8914
6793
9652
7158
22893
717
10286
6988
9138
9060
9656
9647
3607
857
51363
8050
9903
9900
7869
4643
22796
4087
8453
29994
56998
9790
7058
7040
3796
10516
27429
6388
10469
9587
4528
9693
9425
4247
27339
1436
10059
9052
9040
2185
7469
1936
10534
2235
9924
9159
79080
7159
51112
4891
3613
9517
3800
5156
5925
10952
6908
10567
9589
8520
1612
8546
9674
10615
2550
9830
5819
10244
4130
64976
3434
10298
9869
11215
9025
10300
9197
10428
7077
9827
23378
57020
10139
391
7019
2592
220
6733
2201
9770
6275
1793
11041
4728
10058
4928
10257
54987
1025
4552
5373
11103
9682
9679
9650
5985
8898
983
4646
8869
5601
7088
55312
6302
5050
1196
1855
6310
3566
7378
7064
3965
4854
4849
8857
7405
5830
266655
10641
2145
22828
10263
23262
7094
1001
79096
10589
51020
10671
9130
23229
6416
1819
8439
1841
9094
11334
3660
4001
1676
51317
9695
7318
2632
9653
22838
3898
9710
4850
55823
3998
477
3720
8905
9988
1633
6990
25805
2162
10559
2794
3257
6814
382
7050
8440
6635
7707
10019
22850
858
5797
3635
22920
1659
5264
9270
5529
8604
10153
10245
7358
5932
22823
2119
164
5000
23473
2146
26292
4085
9776
4324
11072
78987
9260
4709
8835
7174
51362
51585
6195
6430
348
2800
1606
9882
409
3797
2286
3280
5685
2591
5671
7018
5634
8514
6049
9823
8624
4236
5493
6304
1643
10947
8216
4753
23531
10016
963
4237
890
9757
51439
9537
5424
5947
25842
51430
23593
9743
7112
10588
4311
10556
8834
8614
1000
256364
9219
5711
7013
25776
26229
6337
475
11230
6697
64601
5663
1106
8662
22905
9801
4358
5372
8558
5341
11309
10788
1588
7162
1306
4717
54726
55719
23480
6252
25852
9702
5469
10231
1969
10404
669
19
9968
968
7133
4233
27095
80208
4215
10654
6640
10651
1130
26019
24149
9973
4046
4357
324
10507
6810
8065
27257
6280
9391
5636
819
2670
687
8027
79053
9670
920
4023
10712
1353
11183
9232
22882
5092
9820
26
8836
2212
9638
60312
2189
4331
178
10475
8481
4016
10974
6878
5875
4783
1459
587
2968
9057
5867
25972
9694
7739
379
7029
1783
1441
10272
23607
8634
24138
11193
8603
7709
9839
9658
6729
4726
22876
7915
7014
705
4712
6817
5423
2002
23017
9873
4711
56902
55558
6502
3480
10466
51704
1374
10311
4281
2263
10150
22837
2077
22879
2230
9797
5320
10544
9765
4296
8161
7515
9896
8722
788
10206
5116
7111
9377
5433
3162
6902
4123
8694
7172
7038
9931
4925
6895
22909
11018
5577
7423
596
4350
5311
2332
10426
5266
1871
8449
1687
5982
2487
1734
55621
9654
6239
8324
10127
5261
9933
3993
6905
1803
10908
2067
51096
8659
3707
1647
3909
6499
578
2014
23660
9325
28955
55810
23082
55322
7764
10200
113
6996
3149
3052
5914
3727
2972
701
9828
4680
1519
6484
6503
51626
9787
25801
25802
412
4548
10165
27238
6199
4126
10205
9553
5442
23635
10512
10247
1657
8476
605
7447
9936
63931
51449
51747
2175
208
11080
6586
4835
2952
1716
10946
10643
5998
7103
9600
55062
9235
26610
64149
22864
6636
2615
4217
10188
8548
22924
6197
7428
8850
22954
10270
547
3489
9846
3426
22911
7443
10954
1352
5064
5095
88
104
54475
7412
64854
26168
58
6594
4320
5293
10063
1756
10379
22841
23011
2199
7056
6447
1613
10406
6880
27175
5332
57149
27297
23334
10454
9843
3732
5073
9922
8671
10479
9411
5909
1774
3248
4283
8509
1525
5097
6919
10062
9435
1536
2938
2730
4794
6182
3109
9727
3791
90
4318
9013
4907
22846
55756
2011
9371
11120
384
1479
4353
1185
1264
22926
1365
9858
22880
1876
9923
10529
9111
10868
5494
990
1317
8504
1052
8226
4682
1593
2167
5826
7257
842
7988
8323
2530
2149
7403
755
5774
6857
10681
11097
5074
2215
10126
10253
9836
1846
11015
26751
5813
11060
5984
734
5134
11130
4234
23637
5094
8412
9319
23474
7857
1902
1050
9781
4129
10810
6948
23475
9338
5330
9749
6424
4253
4598
3394
4199
5613
9706
9984
9486
116987
6821
6788
4211
5920
10210
10129
745
9731
9583
10609
8459
114034
4900
5090
7169
23532
8884
5025
4216
5147
6790
902
9819
8178
51634
6604
6351
6618
4897
7016
4800
3176
22795
2791
3561
5550
962
132
10912
7305
3980
10568
51103
8318
5983
607
3291
2309
9136
5138
11259
1294
7107
8460
7280
55556
9091
2483
10635
23166
4242
1036
10312
1031
22875
10403
11117
6494
8936
22904
686
4258
3614
1164
1371
140465
241
51042
27252
10432
4151
23099
157
5481
2766
5916
10208
3454
951
1120
571
864
9649
5155
5783
23288
1054
1318
60489
4335
8732
5130
5610
10005
5284
10981
79161
79882
25906
5700
9535
11010
5549
2643
9759
27067
7084
10465
57030
2166
2207
1119
7748
51454
4826
10592
8310
6018
10926
11102
11258
1020
4005
22897
1017
7421
79071
1105
4316
1114
5664
1376
63940
9088
6273
11040
6497
3960
6650
9166
5698
10636
10667
5507
5366
9145
8470
9849
6794
6448
275
6834
5289
5188
9920
9811
8842
977
9895
1583
4882
482
1385
51512
6001
4756
27333
4501
7753
11322
6183
175
8609
55702
10287
5999
8269
10626
29957
21
1307
11186
205
9443
6286
7188
25913
22907
3984
23768
4669
8935
2152
65055
6668
6578
5290
10978
8570
9857
2584
9746
9730
8537
2261
4037
26151
2801
78988
8805
8536
55
8501
2869
24139
3783
25807
6558
8458
27301
9086
23046
7186
2537
341
2581
2946
8061
2247
4289
55885
393
3931
6518
7089
6666
9825
9818
80301
2348
10964
9308
23649
8425
410
3832
240
9762
5082
335
8321
7637
23641
2619
23659
1478
6567
1909
9118
6622
7075
5803
2919
2596
2669
9640
4312
5091
5877
26578
7862
7122
2027
5287
10040
3784
22845
960
5144
9824
56905
29966
115
23287
25939
2125
8479
2039
5534
8317
9855
3096
9844
1802
3283
6314
5480
51090
23774
29902
7699
5170
9678
11138
4644
4673
9760
672
3627
7448
2564
9284
1917
23541
10610
2889
11234
5190
9764
10966
6770
9641
3631
22873
8438
51690
2289
344
3662
6402
55856
8493
9619
22863
22858
1346
5303
54677
4327
23059
9677
2264
4321
933
354
3897
8927
9016
9056
9891
65082
10752
1742
54471
6781
22888
10573
22943
9156
5218
10668
6366
3158
435
11007
5569
5336
5055
3422
7347
65057
1462
4929
7033
540
3690
29780
4620
8986
9252
6787
1308
1081
54
100
4751
1901
905
1806
9454
10024
10307
4899
7020
6352
6461
29896
2671
9738
10873
250
3169
22881
4583
4033
6715
25880
1003
3775
9771
4053
4884
491
3667
25849
8910
9482
11135
174
993
1113
3669
27042
9603
8100
56623
5596
9493
26100
9851
11197
2153
24145
8030
3177
2051
10351
9829
55800
1299
4690
1012
11169
6804
9783
7049
5653
3866
5141
1464
1060
10256
23047
29114
3376
4495
9463
3437
5743
4675
1824
3131
5607
9854
1102
9712
2775
2342
7984
4521
2237
6891
7270
3590
2123
8208
7060
4118
3217
355
4291
3455
11326
5498
752
4092
7181
9742
9737
1844
80742
2009
4602
9889
79758
6236
6737
8971
3134
10329
10845
1158
9254
9183
5602
8618
9700
3294
2245
10384
7272
89795
2021
9833
899
5883
2350
5673
1024
9140
10875
5422
2731
27030
51367
8411
2028
1356
27107
10732
1641
5778
4999
10536
5268
10331
8379
1890
4671
4832
761
9767
2644
3396
5126
7978
7091
8938
2762
9726
9344
10630
4255
9938
3364
10232
10733
9148
3932
9372
8639
5734
8819
8945
2701
9521
602
1656
10612
3587
6664
10267
4300
11272
1373
2622
79703
54440
7097
8045
8273
10791
6943
4982
3249
5871
10782
5350
222
5793
5798
10468
3385
22900
399
27076
9892
9149
8406
4507
5001
1263
4332
5790
8082
2638
576
357
57827
4097
1475
4939
2705
5864
2013
9949
1662
11129
6450
9575
5002
2239
79090
3698
2244
3691
5217
2781
4600
8851
2819
22809
8653
27245
9732
55922
9397
10518
7031
4013
3029
9982
7039
7433
10124
5888
3104
6777
1326
2173
1949
3673
9134
9150
11157
11020
10320
5004
10020
1080
2568
1062
440
973
3815
549
5557
3682
27239
3425
8505
5393
5926
6699
5167
3553
23092
54556
7518
1573
6584
5345
10903
5281
1396
316
55973
4998
29781
25950
10046
7553
51172
5965
22874
5193
9883
1836
1230
9945
4261
9751
4124
1945
338
50649
2258
51196
4741
2246
2357
6443
8577
5333
7444
5742
10360
5891
70
3336
26747
10083
10090
8790
283
215
1463
4636
9546
6529
958
10446
6712
1439
8800
1161
29895
23464
1951
726
995
4921
5929
6773
5775
1212
965
25797
23421
7135
101
7746
25799
2786
11005
7802
4090
2176
5357
6102
23764
5723
1174
538
768
7123
2737
5110
5337
4828
5971
3730
3569
10840
9610
9744
6045
350
1678
10621
3081
1962
9681
6835
2099
5157
3556
5939
1690
22895
7957
5051
9122
9585
6649
2219
79979
374
9997
10563
64849
50855
5194
4855
9980
1959
80184
8864
7727
6932
9880
273
3625
4306
97
5225
3757
8915
10290
3976
5450
119
3937
23552
10531
7799
2571
2743
5277
2218
9816
7022
650
3560
3181
10458
1160
5933
974
10385
11066
3484
3764
2267
51101
27293
23403
6688
6645
6565
3798
8000
10297
1968
4520
24140
9796
10268
92
9071
4330
51308
5816
1638
6491
9841
580
6483
11013
1780
2769
1381
2677
5274
5037
2593
36
8975
185
2891
9472
5203
8424
8309
3216
10603
9715
1629
5324
1496
6588
4188
8821
43
874
5174
10234
1675
5348
7125
286
1111
4361
4088
9201
8540
3290
53340
8434
8028
6789
38
744
9912
4287
1605
2242
1880
6581
162
9755
3092
6940
794
51678
653
5016
590
3014
10520
11099
2953
4886
79629
9848
6617
487
5617
7786
29901
5255
4303
9488
3212
3208
4486
916
4157
5154
6338
9957
843
3663
11012
1602
525
51379
11341
6364
259
5502
7360
134
9636
27240
6261
10420
51442
3001
1428
2707
10570
10578
9729
7728
2690
27286
727
10846
1586
5784
695
2650
7429
22899
6324
1360
9131
6947
55786
2626
8418
79968
6801
9941
1404
11104
50628
862
27165
7410
7464
10677
10325
23708
26872
22824
1380
22826
7297
6876
5121
9577
9899
8048
1776
4488
671
7189
5125
79734
10557
3814
9506
2395
8534
366
27074
51601
285
51375
10882
3053
5837
4920
3269
4846
2687
79868
2120
7425
4634
10125
6521
5152
22834
1830
64750
80736
10293
7185
3215
5676
1730
3235
57147
284
8736
8742
22915
51760
1357
5639
5638
4222
2159
8846
6610
218
1359
793
978
1392
8395
211
254359
6457
577
313
221
11064
6637
9185
5080
5893
7472
2243
11069
25809
1511
722
4194
27253
23498
6621
9734
54039
22944
2326
7486
4065
4685
9514
3112
7507
140462
486
4547
1594
10301
8120
176
4319
597
7177
55667
56061
7023
80003
8896
9143
952
7140
7306
10993
2674
10590
5608
8630
10526
23545
22852
23765
7226
1040
4036
509
1311
683
55972
3695
5053
5443
2675
1271
7356
7011
10178
9180
22885
641
3899
2170
51427
79171
7137
6769
8448
6868
869
1543
670
6456
2949
2147
3699
2157
957
925
6820
4968
11062
8557
2069
11001
2936
9465
22849
2161
26240
2330
1852
5650
10266
638
9605
2252
26085
421
3684
9877
912
8631
8839
4857
9369
55346
3575
6519
25780
7220
4919
6094
7286
8976
11232
4143
2913
5068
6495
1620
8685
345
22914
6002
5122
9172
885
4314
3292
1047
914
51200
25859
2993
9256
2688
3717
8876
8912
5787
64063
2620
7381
2562
10201
8941
51043
7289
10168
6563
6571
4804
9450
6689
9687
6283
6545
1820
8547
5644
9487
3706
3977
5587
7625
7704
5968
9832
136
2168
22871
415
9221
6583
4776
1524
8900
3848
5368
3782
100507436
2302
4958
5427
5745
5406
5346
6278
9422
6508
6533
8875
5649
5865
1510
10224
10223
2960
9586
4487
26040
5334
2294
3101
10669
22843
4621
6999
8218
3570
7434
11122
759
4619
3777
9860
6258
5365
1444
4322
5166
9093
79088
10538
6884
3790
13
4504
3231
2041
9365
4246
3622
1800
1393
1188
9625
911
8832
4340
5396
3600
10863
1576
4224
4852
10149
9662
7053
22832
10216
7051
3680
3026
51412
22887
28952
9856
2290
9904
9306
4693
10874
3242
7130
6274
10461
27063
443
8078
1825
5271
5966
883
7182
9363
9914
673
8715
2784
6403
6050
1996
7884
22869
6627
6693
6539
7644
26191
1807
5889
7490
33
2042
7349
8292
3159
10233
3792
8997
1122
9651
9187
10866
575
3077
374819
4745
4148
7584
5003
10773
5583
1368
1842
9837
5881
3670
2334
8786
2523
6036
56311
2043
1960
6775
635
945
270
6665
3996
11202
643
152
411
433
1208
4163
54739
27299
9705
9699
5298
27304
7694
1811
9223
6005
10389
3563
63928
939
23436
116986
57834
6017
1244
2709
5806
7555
2662
10930
6861
4081
395
154
140
3598
2553
5537
7673
654
383
11076
6504
7693
8916
1414
4356
5739
9831
8633
2840
956
1041
3221
2689
8382
1087
311
4223
5957
2888
4064
1178
762
1071
6401
1358
7480
7941
4978
26576
1896
4113
7409
22821
8794
22853
1469
22847
8483
5076
3975
3780
9331
4326
3981
2828
3084
10138
6690
7695
3841
9032
7079
10625
5210
4277
5581
9175
552
1740
1950
1369
26093
29906
5624
8187
126
2329
2822
4145
10637
8521
5582
7098
10650
9696
8581
5029
5616
1016
116
4760
6886
4867
5229
3201
6000
4922
6822
3284
3606
11330
58504
27112
7006
4608
731
6263
2297
1787
11061
6691
5319
2984
3111
55888
9244
9735
11194
57119
4093
5989
8224
4983
23604
866
2922
1013
2134
53358
4440
8513
2588
6372
1236
1995
9607
9971
3559
5444
9211
325
5192
1339
28234
80207
5619
9021
11251
4294
9928
6375
5972
10814
5294
2352
4618
7545
1850
8988
55117
2295
4250
2140
5199
6326
627
10368
6906
1045
5139
5196
5918
7136
4606
1608
930
4137
9745
2254
4184
6357
8431
27
2241
9623
8853
7092
7755
1259
6097
10261
8710
2641
10218
1592
7222
2315
1044
3037
50859
2583
758
8698
79867
1833
8825
6406
6096
5153
3276
63036
22891
1621
55171
5524
57447
6010
2558
1733
7482
4496
660
23205
51603
7090
51360
1442
4858
9834
4308
9079
5753
23639
7512
921
3902
948
9229
2272
3674
25988
2328
4948
55320
2115
3642
1591
7363
8464
9753
970
5304
10736
9447
4051
268
1014
8787
946
2957
8972
9265
6862
2569
26150
7225
5172
27314
8193
1138
2903
6514
331
22808
66002
79411
3818
6595
10388
5475
3641
9631
6863
6419
27098
79986
6493
8190
57016
1452
4987
7141
11009
5680
9448
7639
3786
11156
7432
1482
7745
30008
646
55634
23643
7681
1269
10693
1618
2672
5896
8943
6837
1474
4901
3630
9121
3232
6517
5017
8909
3990
867
57096
9947
2160
29798
786
9015
8200
5973
8809
27121
10750
7458
7200
5145
8287
5961
6756
6523
9719
7299
5732
9582
1134
6496
1141
5922
9934
3357
3346
608
1828
3034
190
2735
3050
51276
7030
55721
1361
10622
57136
4654
80761
3543
80174
2745
6671
6476
3003
9522
6295
359
11245
2322
6498
1088
3881
2554
320
922
10462
7718
11016
5163
5777
10898
10524
40
64714
3766
3574
5407
7594
4935
3240
7504
8284
1910
7010
1140
1184
7287
4908
3344
2875
9142
79774
22854
247
22797
7369
4004
23546
4249
57821
9170
8535
27306
735
9718
943
2892
22866
22865
7288
8690
7481
3222
6847
51066
2277
432
3227
631
9721
910
7975
9468
1677
8608
56548
8654
1907
2208
10225
3741
8468
65258
3759
8515
27303
6123
9087
23443
7380
5746
4062
22844
8029
1415
438
2572
3338
2249
343
3347
676
5451
4707
5143
5409
2151
8840
10
10647
4524
4879
5173
917
10371
9162
10151
114
155
1489
4803
26206
54805
51716
5021
5375
55503
7294
80264
57282
414
98
3045
6779
6531
8092
9095
25770
173
5149
3750
1413
8789
9810
10013
3204
2566
10633
6037
2045
6885
8692
10990
2281
3223
5047
8545
9534
8739
1002
2646
9754
1101
5465
1991
6568
765
9748
6492
4084
1610
9542
11026
6511
2815
8796
1238
398
3594
89
269
6299
337
5506
2788
8712
28513
23620
56242
79173
4146
7087
8744
5010
3080
7706
2304
570
56253
4821
6898
10672
8904
2733
3589
7903
2977
7678
4782
7700
9023
10326
5100
6708
1630
9723
5367
7046
3362
3938
10021
10317
10825
23623
6335
2538
23266
51352
364
2846
51471
904
3885
6900
8499
4049
10808
5741
729230
732
6329
1411
1235
6014
3293
6370
9169
7143
1234
1472
8578
9394
5544
3595
2980
29903
9970
3579
8929
2560
5754
4325
2555
8854
5874
8852
11077
11055
3948
3858
1144
57165
492
3083
10408
4254
1466
579
167
2694
2736
7781
2906
8792
9120
1029
10747
1870
6536
7068
55610
6538
6334
781
10050
26762
6546
3617
9283
9498
5071
5083
2020
2081
3375
314
9119
3270
3067
7539
4091
5995
48
8807
8999
6570
114548
445
51032
5297
5454
1438
4892
22835
5027
3952
4974
3577
6555
6291
10246
1121
6718
3751
10859
5296
4058
6121
25836
3768
2015
2549
7124
80740
54799
26330
5592
63934
5597
8785
7768
7766
5204
80216
64499
3356
407
4796
495
3760
1021
4435
2660
3882
1746
1010
6572
117
11146
1735
6910
2787
339
3592
774
207
3161
2792
9398
25875
1009
2262
9370
941
5737
2444
3195
840
2559
2842
6540
6554
3718
1018
3671
1775
181
3386
27255
10318
7547
7015
5009
6580
8856
25794
1089
239
27288
1068
2556
6550
9099
27290
944
27035
2158
65243
420
9002
8399
27036
15
8341
10739
5568
50937
9666
4286
5991
25850
3738
5788
3973
10141
2897
7367
7544
3739
9153
4990
4225
8552
29855
6564
4153
2056
10281
55018
54738
1261
319
55591
5937
53820
1669
10871
10407
7634
1145
1038
30835
91445
51480
4656
56969
80161
79056
186
6340
79175
10786
2911
2155
6445
5137
22878
6939
4842
8447
5260
10666
3036
845
8621
1823
4100
685
2070
246
4317
5858
7037
4829
7048
521
6660
30848
7752
4050
5657
1258
57151
10566
9047
2561
3166
6360
6512
1673
4923
7782
6247
1527
3787
479
3352
680
3381
954
3236
57047
3601
27287
80316
11181
10085
242
9028
8993
51270
9420
2710
2811
6525
8394
7366
3062
696
10195
3239
8419
4889
5629
7691
3354
5884
1581
1579
9389
3950
1057
6331
5046
22925
4775
7730
5880
10584
763
8748
4617
7292
49
6582
4477
54831
3586
23524
10073
10879
1440
7101
9390
10803
10333
25834
11281
26257
53942
25822
2899
5028
3174
58530
78998
3004
2742
5646
6425
8544
57038
4295
2169
4212
27296
80086
80168
7629
2206
1565
838
2981
6953
766
5593
518
3904
623
7743
2779
9533
1143
8526
6532
10665
10755
9173
3765
1670
1030
1420
1421
6346
4112
4791
3604
5207
3565
6850
5394
5033
130
496
2917
4986
8525
5308
9203
9154
9311
1609
8473
9058
8973
6098
6473
342096
5020
3360
4114
5301
225
4018
6166
6469
1418
147
2491
610
64137
8749
7516
9313
3748
27284
9407
51351
94134
430
1544
30817
8340
7479
8454
750
617
3061
8573
10400
10061
6103
9139
6542
7024
114049
10230
4593
5133
3756
5276
9671
5651
8326
4917
23495
3060
7132
8928
9085
1821
8688
5731
29909
1240
2306
29760
2515
5606
10130
3889
3891
7439
4868
9480
4689
11063
5077
2833
8456
1417
3626
257
785
5456
3547
10288
85446
8202
25775
22829
22981
7399
6396
59344
5563
26239
140710
10616
871
1419
8687
5318
9859
4014
55643
3823
5458
2103
4595
1007
54900
54941
10787
2649
51475
55715
5542
57343
11228
80108
9612
25840
6276
80256
8814
1961
6524
56341
83734
11262
1539
7552
120227
3884
1804
5861
4985
55805
11273
100131755
9495
9921
10321
1448
2220
5715
5627
537
2165
3859
2232
1671
5197
3906
3467
3363
5244
124
3399
1063
662
5511
1725
3141
51754
11126
54466
22794
3596
10393
5449
4582
551
3558
2921
6620
2996
23155
11027
1142
9437
6367
7379
141
6332
656
5078
1135
7982
10877
2318
4931
51350
4185
3000
795
799
64386
959
6736
10004
1395
2695
6361
3593
4012
3562
8740
3849
10648
9333
1572
2128
417
10296
1473
2814
2925
3933
3445
7783
5988
3860
10738
51050
5325
4951
1453
55534
1447
3567
10850
11131
3441
50674
4208
2741
8013
926
10370
3010
4355
2796
56
272
11261
4988
753
2765
11332
10725
58503
9423
2299
26083
27237
4168
3055
7712
8555
8091
55353
118
5990
463
8858
2916
611
8174
8808
4607
6011
8359
6869
835
2986
26091
863
1237
5081
10753
51046
2959
5980
8527
6354
150094
79973
3694
81030
81494
81550
326
81552
81565
81576
81578
10500
81605
5662
81628
2696
554
81857
10938
5042
81875
4121
81887
81931
5800
9312
1562
3834
6916
5740
5670
6928
81854
81856
2520
83450
83475
54504
1558
4622
1663
9188
2196
83481
114876
8714
3581
10279
1118
3456
1758
6569
3804
3448
6870
3991
3857
4647
51599
5672
3578
7273
26583
859
9752
8735
725
4142
238
153
1815
1748
2570
266
3211
30062
651
9366
23483
1755
3749
27181
23770
1943
3444
553
3446
4210
56918
56302
6051
56903
57116
10896
8433
5309
374286
2543
2678
26659
10255
9538
7054
27302
5794
57824
64109
1232
5241
3123
2821
10892
9248
7536
10692
4952
9942
5935
9478
6482
312
11214
1553
59351
60529
9083
9081
64211
64579
2532
9524
5024
5453
10895
1446
7368
3761
661
2868
27328
675
2639
1827
5031
829
3439
1233
778
10660
5105
11144
6506
11082
5136
9519
1908
2740
3762
9402
1500
8170
265
5470
3213
2251
57019
26115
1993
777
7804
3665
1180
2268
23434
9031
3449
2253
3957
2563
6339
10052
3090
2557
2893
2912
9545
11166
3250
64375
9074
55691
3746
581
3736
51666
6751
3883
3024
1816
4010
1378
2703
5239
5994
6534
30012
4762
5611
27022
8328
5307
56125
26658
26333
5468
26255
27023
3753
8342
4544
689
2797
26532
10798
2838
26211
5915
57830
6656
9294
6701
7757
26538
151
8345
3018
3443
26251
8369
2900
3008
5459
1470
2853
3203
26539
3744
10060
5455
3737
4161
7471
8290
7932
8403
8350
6336
8331
54718
57113
2700
4152
10075
2863
81027
23542
3200
4914
54361
6641
7148
6709
2923
2317
8073
1642
5093
7430
1981
10493
4904
3030
23499
4666
87
5879
7520
142
6208
644068
2222
7415
5515
8763
10983
1192
1431
6767
3151
57515
6428
1650
5036
682
529
5052
10916
824
1314
3312
6185
9124
6188
2617
5591
6170
22948
3646
7086
334
1983
4898
595
11100
4723
54499
5018
10521
9584
8237
8894
998
3106
5862
10106
10094
9550
10284
7529
716
8775
8668
54732
471
23385
7341
1831
517
10236
6146
1979
4048
7514
5717
6950
9218
11167
4179
81631
11222
60481
284119
1191
4176
900
23015
5693
6731
6431
5687
1107
3148
81688
2805
304
1312
4218
5747
7818
5127
3094
5694
54107
6892
6830
25814
6147
483
23423
55832
9908
26003
7419
128
7070
821
8428
23344
546
7295
23710
7905
5062
24148
51366
3936
3005
8666
23654
1848
3122
8886
51382
7150
6234
54205
26580
28973
831
7386
708
5162
1267
6510
65220
6717
10482
23191
26994
56650
4758
8405
5447
5531
3964
3397
5546
22929
7095
8678
3958
501
23185
1854
23071
1316
3992
3428
204
4704
7389
516
79033
3837
1397
23054
7316
8241
8669
6938
22992
3189
6774
9360
7351
23176
25847
57658
8402
26234
57035
3856
2098
7204
9500
10049
3855
9361
65018
51526
10735
203068
10006
50813
23705
1859
10957
4192
4191
5696
7327
9061
10262
7511
11345
358
23613
5900
7468
988
8721
8650
11170
23479
56270
25828
10539
80781
11151
9364
5981
5868
51031
23576
1738
7336
182
7866
1490
26959
7353
55651
8648
7105
5863
6048
1027
10103
9039
3043
23558
7846
7026
123
5860
4615
3853
3854
9733
7205
8773
54939
9100
8575
7326
1207
6307
8611
6257
30851
22978
1292
10294
9266
65009
8644
9128
1534
26574
4125
2824
3704
10551
54870
11196
25915
9785
79143
5876
11067
8660
2353
1729
84617
5292
1069
112
9277
23208
2137
8543
9526
10979
688
873
2130
10227
11152
6713
7936
2719
9885
4695
7991
22870
26471
84516
23095
9962
6809
4790
5178
10749
27069
8560
23438
10174
9126
2810
2063
7106
64116
11311
3914
2186
4664
81689
1201
7980
25865
1410
23272
10602
3400
8795
6453
25977
760
5437
4724
4616
23075
663
563
837
599
11321
10767
109
5612
6004
7355
192286
4149
8408
1634
5822
11168
6478
6675
3551
80303
7171
4094
10111
3861
23309
8764
8613
6882
861
57060
9412
572
1893
1528
6813
2053
306
7851
7508
9324
54462
10057
10623
1649
11212
7248
8818
8623
1116
3006
6560
9532
10522
11004
2887
23163
7109
8704
3430
8563
6609
4436
51230
23600
7542
9044
23598
10488
5471
9181
10418
5256
5631
23221
288
5104
5910
55744
23345
10553
57819
55644
10490
6548
7005
23291
1847
18
57418
333
6883
9212
5764
8569
4041
2823
56267
953
81542
2010
201254
25901
54861
10248
25936
57050
11030
10658
23037
11190
5919
83759
634
1039
5705
58473
7025
6119
1798
11236
5435
84263
5873
10322
9070
6602
4686
154796
1384
6873
50810
23404
8612
784
2954
9373
30844
2135
7580
9459
3479
947
8767
8542
4692
84272
23355
23154
8788
7059
51141
23212
23179
27065
9541
8726
3588
2770
5833
23275
11145
4345
27350
9562
58497
2048
655
27348
2963
25878
10687
2625
7263
9595
39
65005
125
5058
1066
1501
972
22
27295
8576
64087
5283
26031
55916
26190
2861
5523
699
5338
219
9655
10254
25771
7041
5228
3840
23379
83604
3298
8881
7276
3801
1070
3679
11068
1147
8824
1407
57228
3833
10560
868
81553
54453
5579
6285
6387
54520
2139
5805
2203
54535
1646
79068
4824
10026
26002
2624
23169
1033
1435
7813
6317
25900
5272
7541
27340
770
10634
4913
9976
11043
3071
9429
9863
5675
8228
4633
83737
10229
7043
6683
1636
9975
5967
23057
4613
1632
23240
3431
91851
4248
8728
2812
11119
2920
9321
84298
57157
10656
1628
3714
8605
10473
51752
10391
11240
5655
2890
9901
969
10330
4863
5562
3868
7262
9937
85236
4784
3621
445347
27309
5727
22927
10607
90865
7436
3119
406
7371
9374
3603
9750
9351
81620
8738
9469
9179
26052
54674
6663
10481
1015
6490
10435
10197
3817
114088
310
10988
8626
23401
23284
150
321
11187
6696
9815
6623
6404
6016
23127
9497
29984
4632
25956
10098
57405
3953
9353
22827
199
545
7134
719
50618
3017
9907
9378
55526
91227
8315
6362
729991
9242
8517
4778
11314
7104
8837
10039
8737
4102
26235
57862
2932
7424
3779
4688
50853
11140
2191
4878
3082
5892
2104
4795
1571
5340
6470
27254
9379
23081
429
10795
9568
5208
5243
8651
2627
4973
25864
2820
6576
3420
4133
23040
810
10309
84759
10477
29775
328
23595
3620
919
9576
4843
5588
57468
1522
83786
4066
3418
8774
462
10411
22974
6877
79441
7253
27289
23049
5603
5148
1757
7348
361
6363
6489
1515
51257
7881
24
8482
55806
23237
1837
4116
56288
1580
51100
3170
10001
2534
5959
1179
776
23008
22861
27130
116832
6674
3552
3772
5620
10505
8815
5678
26140
7108
1944
6356
6474
4155
8601
5376
8530
3623
10211
11199
5321
419
10114
10476
3911
8444
11006
4200
4653
2072
11074
5049
3002
1773
7100
7008
729
9717
5795
2494
7096
10772
1325
3687
782
2551
3305
8676
4336
5669
5354
1409
274
8705
7917
3692
659
7036
5810
2535
1136
3140
9228
1437
2914
9048
10265
1032
400410
8703
820
6833
7476
158
8567
932
5890
6003
25816
3776
7180
3754
2859
642559
8227
4761
1556
5099
4107
7763
11154
2841
4359
10219
10483
4109
5828
2273
28954
7498
10586
5158
26013
64410
2250
90410
23547
8741
2324
5949
11056
2999
7404
27285
733
909
189
27232
23072
2516
9182
7593
47
4661
7173
114881
1770
57396
53335
814
3458
54498
1998
5371
6327
10599
9536
7164
6296
8636
8913
887
6344
6323
51174
4635
1672
2528
2905
5023
3758
816
9362
653483
2904
23769
4957
11200
8538
6556
9146
6007
251
6328
10899
29851
11054
4888
2172
2623
5026
8529
10632
3763
27291
10010
26138
6619
4111
166647
5618
5599
6095
10332
1791
4110
10661
131
2529
3785
3624
7422
6927
9590
26998
658
4438
27077
6677
6871
330
8702
3382
6368
5923
1488
1109
2637
2642
27180
56146
10726
846
10107
83729
2630
84779
2780
4240
3824
2323
2524
9540
8871
7274
5251
3373
10994
7841
6442
26268
9474
2852
881
8600
3903
7267
8398
8289
22996
8793
5414
11024
8001
5539
5801
8435
9958
4025
4902
23562
27101
113835
85363
11237
92483
10653
6249
10362
63941
84658
4887
7275
3705
8556
3568
3175
2038
9104
4067
5682
2886
10395
2358
8031
2100
2902
9473
2313
51635
10572
8638
3351
9194
10631
9152
10203
10241
1058
283345
5802
1999
94
5168
5329
27072
10157
8838
356
200315
24142
51780
26056
10278
89870
11257
3697
2213
3802
2969
942
444
645682
11235
80350
22932
2948
28316
440915
197
640
3651
825
4437
146
10142
8908
57142
25998
5213
3299
8407
2870
7168
4086
373
7531
3745
10778
259197
1310
3308
2651
7080
11343
3795
8817
7461
5191
283450
84809
1175
9601
3196
6904
284443
1622
10962
4750
5146
4772
6795
367
8487
6549
1796
6373
6528
11025
8564
3452
9127
1737
7066
1281
285596
2645
5976
886
11250
10587
9051
84288
2492
1272
23305
4068
9355
5626
8647
8811
8756
3805
8646
8111
6452
171558
5697
27332
8820
6899
2992
140597
1022
213
5142
219595
2204
8480
10076
3708
27229
3440
3702
4162
5457
26103
229
834
7850
5478
10579
22884
6799
9103
3451
51124
92086
5979
6309
5265
7301
9034
7201
64816
83955
353299
645745
90665
84107
839
10663
6819
9609
5269
573
3358
6579
1826
3696
148
5132
5600
51552
652
2798
51750
3135
2260
3306
2692
317
2983
212
1432
8725
8572
5913
6573
6198
775
64963
26018
84525
2118
9001
10128
248
2091
1814
64582
5724
7417
5730
6122
5328
10214
29969
3459
54490
1781
83988
84549
3811
7113
27113
83942
7216
84669
83941
9657
6320
5728
8416
622
91369
90233
54468
637
2327
8372
644
5441
2205
10136
5553
23658
84790
374291
6013
10478
515
5744
10190
3838
7321
5408
84296
5452
80317
25974
58495
1639
9112
1973
11219
10152
2533
3107
7375
56101
1305
56142
8706
23043
56143
1551
5818
940
51343
56139
56145
56107
56106
56114
23544
2047
6318
4640
7852
57573
4627
1778
220988
23193
23204
3309
1975
3688
23215
23352
3843
3488
7879
677
10092
1284
114908
3320
6175
3516
84364
57720
1282
23214
79026
7155
6605
3113
65125
3021
26099
23190
55573
7837
130074
26156
4288
2314
58517
53635
23265
5411
9114
10618
5595
26001
8565
147179
23042
23061
23199
23350
26133
10079
4150
9736
715
84726
9289
1457
23353
4297
7916
4637
113419
293
4000
26284
23203
2907
23089
57509
388
84271
23633
23197
23516
23673
552889
90861
5987
26123
23433
57178
23468
5905
81614
23187
493
23367
10985
23244
3486
25777
23107
23207
5087
23167
23126
6383
149603
23339
161
11260
57498
92703
23039
6598
11328
25957
1399
11163
23118
4502
31
25839
5270
6137
115207
3572
9777
114932
23141
10410
25963
94239
23389
26057
26173
4976
9581
2194
23198
216
57017
23014
23360
3872
171023
7277
90411
23165
5295
92140
667
27032
55568
57326
26058
23063
8888
5594
23175
23192
27346
375790
23253
23512
23048
204851
55970
6541
10213
79572
8829
91754
200081
23168
23122
375056
23231
598
91782
9905
8879
55187
22998
22937
7027
5934
25940
2799
2036
4642
286451
23213
64764
10608
23028
23509
23216
8893
23351
25999
23053
271
488
4430
23036
10116
171017
51029
4628
57634
2618
23070
535
6925
23358
9659
6305
23065
5962
9686
399665
728642
23091
89910
55251
26092
221154
92856
1997
219654
22984
23392
2976
55544
80273
6187
51592
1059
9807
11017
9778
23218
253782
25948
23327
9728
26128
91746
23277
200734
171546
23522
2335
84193
23317
9043
9645
23080
23527
23384
64795
23131
1289
29072
23371
84890
1051
22982
23383
8301
23505
64112
439921
23171
10498
23032
1654
8455
23396
7324
5151
23111
27351
124801
140609
3934
7465
7572
23200
6139
23348
9557
997
80308
55023
202
9326
8019
285527
10486
3241
23248
23513
26036
10252
5575
6653
23258
23246
23052
57680
23012
91304
23295
23347
9716
114882
22800
23029
3512
27250
9802
10042
26053
23140
10240
23001
10000
5781
23220
23186
11118
84159
80205
23060
23306
440026
1123
8677
3183
23016
5586
11336
8417
23376
3842
9444
11059
201562
3097
93487
23180
6237
54505
9886
8723
23301
23174
3557
10184
23338
5817
10382
25976
57154
6678
818
2006
472
23173
23177
4763
26472
23136
91289
7551
26608
57460
3987
5291
55818
23259
23511
987
23195
5096
1408
6047
162427
151011
192683
83660
23299
23318
57104
10156
339287
23279
157922
4239
113251
57553
9842
10914
23239
140890
23210
390
55000
5253
1741
23336
157567
55384
9711
89927
2760
84986
4833
30849
4128
27246
585
23294
57591
25898
7334
23332
10336
23041
23304
6935
23271
92170
10562
221061
20
10472
23363
6654
23241
84162
5930
5439
23152
51574
23274
56252
23310
127703
23333
23500
23325
23102
57037
10228
11113
4665
26130
158471
6272
84901
6509
256987
83700
23382
10973
875
51665
23312
57493
26030
8939
22976
5305
1955
9793
91137
10714
23172
23268
8495
4684
23034
23076
84909
8312
4038
23142
23151
124222
4493
84243
84975
8760
7373
203069
10499
6655
8550
9477
23526
25966
23335
51588
23276
10199
26112
10484
23405
124565
90480
8427
26009
6832
23517
9675
23097
10802
57470
23283
57476
7779
23341
116372
57215
6196
23492
23024
23133
167227
5978
56950
221749
126353
23137
23270
6942
137886
83989
57214
9847
23269
23078
23315
23125
23397
221395
8798
5438
23158
92249
79158
541578
23119
5986
22934
22898
57007
23507
9747
23390
3265
1386
259230
8867
113146
138151
9875
11011
23515
23452
23514
23189
55215
4591
112464
7167
4734
9479
56987
171586
57798
26953
9527
7402
7110
55623
6738
4798
5362
84942
4781
23387
23243
489
6780
127544
23370
23467
513
9862
6093
23031
6418
253959
23242
56829
5576
961
23150
91647
90993
1117
123803
196441
9853
5286
1805
50626
23503
169611
80271
64848
90121
9278
11046
23286
23234
6874
23373
5578
57211
9911
27000
23357
10096
90627
115939
10396
815
1287
200576
29015
115201
4752
23074
206358
85453
4238
25888
25903
112950
7337
10439
27349
10950
7074
5771
10865
6591
26039
5681
54103
257407
144699
23135
3206
989
23067
23302
22990
1794
653784
6670
9037
2882
10893
23508
6628
23162
9125
9570
4337
205564
23247
2512
84864
91949
148022
90326
6091
201229
23361
460
91
26005
6855
7138
9739
10302
23113
23132
23506
10629
23252
108
92482
23235
23236
5495
8622
30850
1762
55958
57613
400506
57205
10464
10154
283638
157680
113178
107
79987
730101
23194
9644
23112
115123
7035
2296
9881
26278
23261
57209
23033
57146
26011
66036
115817
23108
139322
6297
129642
23161
10346
23130
5198
23116
8777
22941
23228
27161
57150
91966
57608
53405
10196
594
221443
23264
6714
25945
6843
219333
23380
10963
60676
55559
25907
57212
56929
10413
81544
93081
6191
23023
23461
10402
404672
23255
23424
340591
6642
112479
155060
92211
51460
11155
152559
841
26275
22890
6206
27235
196740
5331
1124
84302
54454
23211
286148
124152
84804
23005
23209
11216
56948
6907
126208
57403
23035
26098
53616
11037
1193
3676
6909
3310
323
90957
54587
23366
7474
10799
1291
80114
727897
2054
23314
1268
23114
10900
643641
23144
3653
10940
23308
7738
92689
25928
9258
11051
4862
57799
8153
2068
80055
261734
154881
3683
23254
4885
8674
1795
23398
89845
25992
10982
1280
9890
25841
1181
51
302
10147
2150
220594
122616
10109
5584
3908
9401
26469
898
50486
55957
146542
92342
22930
23178
7329
915
7923
2078
6444
222161
23066
118987
26035
112611
390940
27445
6039
116039
9470
1992
657
2033
23250
155066
146712
187
11339
6585
402055
151230
362
1915
25941
116984
3384
1298
11127
10924
387032
84869
4494
23148
1723
23616
55687
221692
26048
201134
1763
27124
56339
27097
3831
8940
25891
6505
23157
10847
23149
155400
5378
441151
92104
10762
10611
6165
388650
54665
5446
91298
427
1749
6945
80823
3887
54898
89944
783
256949
6398
5936
6597
6657
64131
10383
6929
4542
1329
728498
498
3836
26033
2316
9866
5648
10605
56890
27316
28996
8076
8844
26145
23062
55695
92822
129080
7062
284352
51778
5179
3643
9456
25983
5786
91543
3075
3921
8492
3633
8745
10645
11213
80765
3207
10215
115703
3117
3752
440073
84705
3202
2898
5630
1849
5521
375346
9939
120526
58500
25895
131566
201191
1302
5267
8233
8549
353
5383
221981
317662
6150
9413
633
4603
131578
3490
23329
4818
23316
6750
146057
5912
2774
375057
4293
3105
5733
7571
26059
22902
6201
1953
7291
57863
29893
54474
26049
91977
923
23322
26038
138046
285282
57188
4069
25792
92154
1487
6303
57144
1288
27109
29799
23359
10943
51491
30837
9704
23426
347733
85359
284439
131544
7535
1946
6355
2934
5789
6262
11019
10690
8930
2066
9046
4610
93594
4793
146227
23120
2017
10202
11238
654817
10038
4604
2878
8880
23285
23432
10922
10740
11116
747
4588
343990
25961
7633
8034
6432
653808
6710
5473
374977
100507424
25924
771
2271
6259
7940
8277
10614
9993
6441
5625
135138
285755
283212
23457
2495
2915
7503
11184
7840
56171
339105
7293
8632
1577
7703
51083
50488
1203
1838
4103
57194
8574
5432
90141
8516
9110
84179
6136
8131
30
11278
3178
7156
6203
1548
4856
65110
2813
7178
10102
3421
79178
222255
1644
6865
3845
92346
130916
7170
10235
23617
10595
8496
1506
441601
54346
116138
4586
159963
56269
3851
5075
25803
440387
196993
10036
4839
9107
2717
8833
478
8991
259217
5898
25827
6472
3142
9
9063
22936
2113
1521
586
10561
9509
3199
26146
4045
3929
2702
8477
4624
3012
3820
3972
5387
5565
7032
4298
6694
2676
2117
7597
10280
4956
2488
416
6753
6687
10369
434
9555
8970
28
11318
1390
2843
8387
3846
5161
6019
2303
54626
1053
2691
10084
7252
2035
5462
1215
3009
57152
3007
9628
5273
8348
8329
55811
6698
23534
924
9135
6755
6754
10744
2835
2359
79166
5098
26952
23430
3442
2248
3640
566
8689
4131
57185
5140
84301
6293
1295
2257
56062
5205
3755
1131
6752
9073
3713
7003
7166
1286
3237
2825
10100
5063
2138
401
1584
4105
2827
3110
27334
5551
1394
5066
2998
1589
26226
11045
8288
4807
1585
10009
8828
6658
9080
797
5008
3198
2880
1812
2830
283131
51014
3672
8602
23160
25778
3658
57213
7586
29
23093
10869
4584
7543
4205
10781
9014
54629
100132406
84981
9991
55183
23324
10207
891
283459
440352
84124
90338
150967
283537
23580
388677
375248
85458
157869
221830
2734
6667
54432
23086
26034
84859
7690
22994
1523
23007
168544
54470
90333
200424
91373
26094
26152
23090
26027
27163
25909
126393
1183
4481
23164
25758
261726
23138
1954
23230
4214
10260
23109
93349
57604
5129
1004
636
23504
55233
7626
91442
23025
284001
23096
54014
57795
7754
728215
201626
84612
145389
2005
3172
9725
8123
375035
157627
146691
149111
55816
57538
222658
23105
84679
84444
9271
91355
114791
54901
7343
25854
58509
163131
7554
127833
7592
90634
90273
55937
6046
9508
220965
149076
83744
9358
26050
773
374868
23143
4301
23293
65012
26032
164656
22848
81569
23281
124044
317781
6374
8497
64595
6651
84720
1777
253982
200316
286205
9637
25787
57794
54550
100499177
9024
8420
92558
54874
85459
84436
7582
5189
221960
57556
55658
4071
11189
151050
25893
140883
9332
9758
2057
100272228
160518
399818
80028
8334
2885
23251
115353
9940
6391
2971
50814
152185
84830
100129460
83714
8512
8848
23101
1759
5897
23026
6911
23117
162972
5288
55361
11340
317648
25763
349152
23331
55432
9722
26986
9191
7372
22995
10440
3655
64405
5382
85021
1743
81691
284403
619505
52
4808
10793
63982
96626
22997
199731
2016
55567
6543
3955
63923
10474
6559
80342
90199
8541
339290
10745
7221
388567
100130958
57711
641339
256051
148229
154661
338645
223117
255057
22989
2944
22979
1768
9910
440193
643376
27043
25833
91646
100129482
51710
57710
4703
79017
7139
84059
10956
23245
10758
30968
23233
23217
3549
126299
2712
116285
56271
4015
222642
387082
148066
26648
26154
653238
8890
221823
200205
92017
11221
10816
9077
2116
22798
26108
9515
27352
80012
22986
346157
202559
23181
57615
10554
3120
9215
23256
643854
368
11313
51077
100128640
26046
653188
285231
221472
23085
23030
25855
63973
95681
10044
201163
2044
54581
84164
7021
6462
8733
51668
55661
9919
2312
5621
5558
3483
6530
490
25786
10198
113878
113177
7249
7392
1104
64689
730227
79998
91752
8801
3645
8339
282808
249
913
26999
55966
55735
9108
2747
57644
5364
283927
90485
353514
146754
2979
7093
283755
118491
284266
91683
5322
29978
280658
126070
5729
347344
23139
9410
642636
23550
971
3087
23321
84908
9205
4946
6527
2713
4063
100130331
170960
3508
1797
80862
84733
604
390999
2525
158586
1559
5426
6407
51614
129025
6934
9720
284800
1557
23002
3044
390616
3995
389715
22987
23428
8776
93164
25876
84253
22999
5609
1388
400084
11078
23543
363
1370
6875
567
4174
5820
6917
246721
9404
23170
5275
3913
4625
11070
1587
10794
10800
1211
7517
6936
5725
1607
9380
57551
6006
4485
2908
113457
8841
5463
25844
266629
23368
6218
7556
56112
4589
22977
84695
1241
57626
2994
49855
284904
6315
81697
2585
3219
80036
10291
130814
91120
202018
26212
92552
100093698
159162
55633
3809
253143
2300
127534
94026
8325
346562
139081
5279
1645
121006
26082
6347
9356
90586
2193
3359
4099
85865
9639
27324
2683
1810
1720
4648
51364
115653
645784
26664
58510
3816
6872
889
113612
253512
139538
166614
2628
149628
54532
85452
1538
100132476
26716
26707
4352
2064
8085
6638
10220
57198
401014
3605
5545
2567
199870
1137
10367
6768
23223
3886
6792
1813
2209
84823
539
3712
7692
84268
4861
7767
2918
860
22868
255926
8751
5232
2636
646282
389177
3890
55669
177
10144
9455
100129271
6129
26043
27292
4585
23313
728661
5369
1491
57172
1555
7416
7314
50852
8711
7258
9709
639
54516
10917
1084
81855
22983
7710
343071
253190
57446
4650
5928
135948
26184
390892
3850
27185
647288
442186
4007
3128
440560
23051
4193
4916
8942
389898
84560
2597
7770
23759
931
7290
1300
4158
6867
100131825
8707
3133
7142
3108
9436
11191
3416
3433
9262
23460
147339
2901
1406
81621
3827
284021
779
283683
169522
283298
9635
91775
125893
4499
171392
10819
256227
140801
796
339479
7047
10876
1006
142684
8989
90204
222663
389856
285672
157697
92609
91807
126231
5428
220134
51241
147912
10780
126017
729799
388886
201501
59339
23657
3046
9123
245812
29927
51386
51142
51335
26135
22818
55737
6277
166
64114
9445
9168
11180
27102
51507
10135
6130
51322
55754
64065
80218
10015
51094
22820
65264
373156
55748
6231
54606
51155
10169
2
56889
54765
55256
11031
29959
23585
718
51637
51371
51604
51280
23788
4697
51504
51109
51495
27173
64397
2873
51646
10652
10419
2590
58533
6747
5832
27131
9230
54458
79188
55666
51506
4848
7328
80762
514
64710
64083
3609
26073
29997
79109
28969
51520
51714
51441
10927
57003
11198
57092
10093
51125
55740
51729
51465
51324
79811
10713
10492
55969
55249
51652
51466
10342
51428
51400
29079
58190
5859
9967
5464
9578
26354
51012
55207
64759
5434
51566
55334
4705
10113
8554
55819
79869
25825
51108
51144
51727
4282
55011
51719
8802
56937
9328
60313
996
55831
27249
55226
55705
2060
55738
79901
55742
64755
51474
79647
51133
55037
80011
53826
56851
54867
55699
1829
8924
29888
23621
79892
23588
29074
55827
9531
64118
27183
53373
51187
51571
83658
28977
10905
553115
64771
28974
28972
55291
79932
54472
10695
51081
51056
10273
55245
394
51564
56888
54812
55739
55914
60488
55700
55624
53339
10055
54918
26071
79001
51070
23469
23786
58478
29105
51399
56993
54977
55505
27018
54902
29115
116496
7260
738
57472
8649
54927
51181
51768
51186
51143
51734
55585
27075
54948
10933
8635
11177
54529
57820
51170
51292
23648
79180
27430
54973
58472
22822
51116
9547
2287
7570
51065
55069
9055
79144
59286
64061
51164
79902
56897
55718
138050
8566
60685
51307
51660
10455
28958
29088
79567
28964
1112
8303
51024
54502
51068
51203
55119
51138
64343
5763
51021
114883
23412
28998
51569
64943
57130
55660
55255
51283
10328
51123
79650
4201
26993
56674
10723
55082
79894
79077
29926
23609
29099
55706
51647
8086
55114
51304
79893
11124
7342
80142
53827
56654
10580
64121
25980
55717
3267
55608
55858
55326
79004
10564
55852
55081
51071
117246
54881
51073
55173
80232
55148
64747
56949
55907
65993
23670
55723
51759
9978
100287932
3163
59343
56683
54884
55246
55177
4801
79415
54815
79042
60491
55696
51290
51312
60682
8195
55745
58477
63893
51185
10066
64423
57761
55830
80152
55893
26225
79581
10363
79587
79792
55720
56882
26060
65992
4702
54982
56944
28985
64847
64769
51773
51321
56997
55697
51015
9525
79139
80195
80212
64110
57132
60684
64787
9076
29965
56995
55156
57111
65265
26517
54187
29796
55788
51447
51026
25996
79624
28962
55074
55760
65083
4708
65080
29880
79443
2872
51282
50861
80148
55197
79672
79083
4338
746
60673
7376
51329
59342
55198
55915
60314
405
51177
9240
51295
4710
10101
80351
57645
27236
55577
712
51118
23683
81539
23560
9950
51111
80230
55035
25987
79594
51320
63901
64429
29883
58526
26586
1939
51128
64319
53371
56886
51082
57496
79016
10053
64777
58486
56647
79048
23413
51550
64786
29102
79590
55486
55020
54704
55139
1468
60485
79665
8337
51642
55741
51188
56898
9616
26523
60492
79876
55111
28956
51422
80013
80017
57140
51315
114885
8925
55316
10460
55450
8491
65982
51809
55216
51654
26520
51701
57162
54539
51657
51703
65244
11083
55366
9342
51117
89797
54906
55859
51009
80145
5202
64760
1911
29093
55236
79717
79956
9330
55758
55365
27244
55253
29066
55055
51053
54951
55213
8490
51693
24137
26521
79174
80023
55204
22894
55218
55157
64745
27005
51330
51013
64766
55269
55090
64400
57102
53343
64780
10069
79706
10179
11338
54930
23589
10600
25796
51107
63877
11267
94081
55234
79641
64431
54832
55120
10884
55038
4940
23528
89781
51499
29887
29777
29937
26519
64215
283871
51562
9569
51193
54820
26276
55652
25959
79089
80209
64781
64062
51542
55240
54476
10807
51455
55337
64864
63894
26273
65985
29103
64374
54585
80306
51397
56922
26015
7268
26528
79087
55506
51030
56942
54994
55325
50865
64866
50485
729515
79887
9054
65981
1788
64395
64222
54919
51184
80135
80198
55731
55161
79735
56984
26585
51067
582
53918
79709
54442
27037
10585
28978
55596
64328
60509
56915
56943
56912
56901
55343
8462
210
8891
55900
29087
80764
79622
56731
8409
246243
30001
51765
51337
50650
7227
54914
79726
84656
29923
55802
54463
55163
55759
55319
55181
94104
54928
79960
51306
55032
29110
55284
55201
64077
1877
54840
152006
51293
29109
80194
54963
55109
55781
57380
55030
56892
55165
64761
10171
55297
79762
79947
51368
51115
55222
60672
55268
79047
55870
29882
29095
56954
54148
9935
65094
57128
55219
4696
55159
51490
26973
10072
55709
29082
28986
29995
64682
11266
55631
79577
60625
54998
63874
54708
54165
79600
51514
55257
56983
10827
10161
56652
79954
27440
55131
55127
54662
55847
60561
9985
80774
55665
54801
51696
23592
64216
55625
55153
23400
318
55313
51278
10078
23362
55196
55254
57117
54802
64778
6839
51409
79023
51617
65996
51299
56478
55332
51019
6608
54903
60370
79654
55347
23612
11253
55364
10417
79364
79666
79145
9419
26499
11179
54969
79693
64784
9147
54487
55323
54872
10166
51650
54883
10186
51195
93973
55252
8291
64151
51102
8322
55014
64219
57826
80324
93974
79005
10533
80006
51310
58488
57402
10763
51160
23753
22950
58155
55144
23583
64285
56667
26007
55638
23555
51309
54512
9451
51517
51074
8934
51110
54938
26984
54894
28966
65983
29107
51098
55622
8436
54955
79664
78994
55813
25821
55214
56034
26470
54953
79714
28984
60436
79751
55355
29097
56925
4969
64856
51651
55167
27300
54873
55206
51444
51099
80279
79019
64428
79643
29763
54929
55080
10640
80024
79101
55294
55954
55113
79707
10112
79154
65109
8568
51004
54778
64763
53407
10352
57109
57122
57763
55116
55229
55151
22921
28960
80014
80021
80346
29911
79677
29028
55776
64792
51559
55280
64754
54494
55217
79768
54836
6322
54957
51205
55612
51547
65095
54707
79644
55757
55013
55743
55107
55340
10451
80025
80149
80228
56904
55248
55092
55227
2275
26512
56967
54793
55228
51162
54733
55125
55636
51121
2217
408
51776
54972
729238
51619
64427
55191
140461
79657
64838
80221
56940
9439
10644
79228
10848
8994
55339
55012
56180
29940
131601
27242
80150
64798
51575
79050
64320
79754
64757
51728
79794
57180
23417
55843
54997
54856
79969
26271
51673
60487
23411
64779
2355
10885
79682
60558
79695
55003
51069
81831
64318
51318
79763
55110
63906
55421
80775
79850
79870
26504
57088
4851
79035
55071
55656
64837
65999
79058
26750
55129
8089
79571
51291
51093
4771
79724
57134
79752
54540
59307
79603
1486
64776
55892
55501
54020
55602
54664
64284
54680
27129
30845
29080
54925
79176
79609
79837
23586
65263
79091
27247
55149
55278
64411
55344
27344
78991
55290
26024
80227
3226
56649
11284
64418
25984
10620
64852
55930
9317
55734
51025
51076
29062
55761
79631
55084
50509
56521
54952
80010
80206
57001
51279
54517
29988
55601
55729
55508
64924
6707
55848
55178
64940
1906
29844
64425
54942
55281
79075
79269
79675
79694
54069
25789
29078
348995
60526
60686
55765
57664
56946
63917
51316
60493
55500
317762
64342
55298
64897
55435
59338
57124
9462
4649
64417
51002
51388
23596
79668
54956
80196
80321
51018
79710
79585
29803
55258
54509
79759
23556
55790
741
79006
79803
55048
55133
79621
64129
10894
55093
8270
54877
79169
80760
60490
54780
55210
54851
64598
51236
9274
114884
55751
5827
51741
55105
51167
56474
54882
51005
55164
64324
79760
55778
54829
79177
57419
79812
64768
55022
79637
10514
57103
79991
79575
57333
50862
23594
10324
79582
54433
79039
51171
51161
53832
55208
51303
51691
80304
54845
54974
7775
80185
55974
55274
79170
54980
79685
54482
29914
57161
54995
64123
64788
56947
114819
5950
55626
65997
78986
22859
79736
54981
55872
51163
50512
79875
144404
26207
55333
11275
80155
57823
65003
54811
55102
64236
55172
51285
51106
79187
7776
80019
80173
54946
79568
55299
79691
51339
55670
9388
79583
27128
29928
23408
51341
63943
28992
26233
192670
51411
55833
55100
57715
10891
29106
57758
9329
27125
79072
57045
79651
51016
63826
51643
80153
80204
64135
51762
11274
51182
58494
30833
55630
54465
79731
57597
54958
56945
253461
64080
11094
79797
79605
51755
79616
55422
28232
55273
96764
112399
55876
79634
65979
79957
79982
55650
55279
80007
80254
55303
26589
79676
79683
80745
60681
23767
55112
54960
79134
55540
54436
8877
54962
64218
23587
79034
79723
79589
28227
79817
59348
51228
55224
79618
79094
79623
8812
23554
9141
79886
55753
9064
55619
4482
51393
29071
79663
51199
64783
27345
57415
55027
27071
56986
55145
29789
55166
26577
54503
54521
79746
55039
26047
79596
80310
26232
56992
57107
26289
79640
79953
65986
54762
51222
79652
55640
11201
51003
64344
80179
64398
49856
10068
79159
55520
10678
55890
64794
51374
81839
55220
79778
11132
64859
64860
51008
54991
54839
79813
2055
64921
55664
55315
51027
79414
55270
55770
56616
6399
55008
374354
55295
55086
51510
9567
55803
80162
54795
64782
60560
51001
79132
79012
57099
4674
78990
56475
10365
28981
54344
10390
64762
79612
140467
5429
65250
29946
79899
23536
56833
55704
79977
55061
55033
10380
55771
9489
80004
79661
80219
63924
8506
64132
10855
79574
55128
79078
10319
54496
79753
55076
79767
23682
79777
64084
57348
51435
54785
79840
79863
65260
23548
83715
8718
10148
25830
192669
79633
11264
79152
79658
2121
54880
54210
80169
51705
29123
79570
56913
10742
79705
100132341
55617
63035
29998
55188
51006
54968
55286
64174
79786
25975
79846
63899
55703
55654
56924
79639
24141
23632
336
54826
404093
79659
54619
79172
54834
79669
29948
58189
79070
6615
79573
54093
64840
29915
5716
79738
53947
64359
64858
78999
26511
79801
25788
7733
65124
55176
23529
55068
55247
55287
79871
51816
79630
51319
9245
58529
10721
9627
79980
10045
56980
59341
6614
55841
27087
24147
55714
79133
55244
64919
9022
79728
55722
6785
1028
30811
10683
79833
10308
79858
64081
79866
65987
1355
7564
10313
64221
55840
29922
51458
80178
56675
63910
51226
79686
3773
57404
79156
64789
54345
80723
55614
7559
93664
55604
55016
79649
10347
64506
5866
79838
80746
79627
55812
51365
54970
54892
55260
51611
51286
79648
51296
4815
56906
53905
51389
757
26148
63895
7769
51338
81545
79446
64283
64793
2266
51548
54716
8645
79611
79823
51135
54769
54863
63967
55647
79913
9530
10087
79970
64393
55007
10158
29967
7442
79183
50515
80095
80210
26263
56965
24146
55070
51555
53353
51134
844
54849
64091
55686
29929
54821
55211
79742
149986
9200
79783
51294
51274
79810
51761
64901
79074
80757
26063
79873
64231
55024
78997
57126
79656
51440
51327
254394
80146
80345
80176
79671
80223
6926
7976
64108
59353
55351
55733
55212
56920
79713
54809
79412
56895
54491
55512
163486
9956
64863
55203
57125
29767
10761
55329
51087
79832
55317
27132
56953
65990
79628
54807
55799
55775
80830
54876
55277
51751
55668
79153
56894
9840
54209
54413
50506
9499
51450
387707
54886
10998
54847
29842
55521
5101
54546
79805
79818
80758
23493
64122
79847
8110
79625
79865
63898
55314
79918
8437
10734
55285
57332
79983
54916
79989
64167
64130
51267
25873
57706
11211
79673
80776
9946
79679
3619
79712
54885
23676
50507
474344
23414
79776
51333
54978
9633
1894
4883
79804
79814
64089
11254
53841
11320
56257
10170
79896
80778
79912
27329
79933
63932
56935
53916
54853
80124
9113
55796
79690
55147
55094
28957
28968
54438
9617
79727
26266
56603
79744
7352
55684
26548
10743
51265
3229
114327
79800
56978
79413
54360
64927
27004
57379
54622
3652
55088
56033
79885
9668
79891
26298
79898
79906
79147
7561
55190
79098
79949
54842
26253
80741
55192
26502
51191
11123
29092
140578
51479
80063
79667
51313
78989
84561
55592
79698
51621
78995
79739
25858
26468
55106
79598
6676
10023
23601
54858
53346
64925
54551
55026
50632
79845
54329
27158
55663
55785
23743
79149
114625
55096
10817
27123
79148
11153
28231
51340
9427
117247
80352
29063
259266
80005
4054
80263
9204
64208
26256
79038
11279
59349
28965
51022
6783
11096
53836
29953
9050
7812
55795
55266
58498
79745
29118
79784
50856
79799
79442
26230
55184
57192
56672
57733
54596
11226
55680
55321
55034
51377
59272
51207
54879
79917
54971
79922
51385
55787
54810
64430
79642
55862
55301
51361
23746
51501
80167
84914
57110
9955
80724
100288413
55182
56899
79733
56606
6866
64321
54518
79755
140460
64708
29094
4122
8778
23569
55083
55282
55510
53829
79825
79828
79834
79836
79000
56605
79852
51334
54897
79872
63929
79905
55713
55911
57716
10716
22802
54922
93
56957
79974
23225
55716
55906
80235
59269
4241
63974
57018
10913
80380
11092
10942
26277
9573
51561
57336
58985
79018
26228
55010
54988
51438
79807
79809
64102
64127
51332
29802
51807
79831
55142
79848
55200
56172
79879
84196
55336
51478
54866
55195
3070
64376
53630
728
79944
49860
11182
84168
63933
54875
54868
54768
51631
55867
668
51023
27156
29881
79696
9630
56000
57101
79722
84172
55576
1008
3781
79750
27033
64097
55180
79772
80255
8139
27019
29122
54850
79815
54937
53822
29121
54959
11136
1412
54621
9421
29947
29916
79864
60484
55692
63926
79884
51284
58516
64577
79919
79632
79946
57089
65980
79645
51054
56891
79963
11133
54566
64170
51725
54891
26507
55259
80008
9457
55425
80067
80127
80131
80224
64699
126321
64180
80323
79085
11162
79923
57731
54825
79689
57338
11282
56287
79729
79730
55777
94025
50617
56648
64853
387893
54542
353500
7179
79830
90522
11093
23615
57053
63892
128553
7762
79862
56260
64663
55064
55073
79915
54363
50805
79054
23431
51700
10842
79966
767
55791
55066
55975
55002
55762
29068
51151
57118
57082
55968
23553
57335
80231
2178
64064
79990
55296
55146
65989
9597
9314
192666
79740
56163
64800
54796
27190
79781
50624
79785
80319
55693
51127
51281
6557
79608
79802
27120
51104
54893
56999
51168
55057
54857
79820
27012
55635
386627
55727
54558
79839
4117
79849
54714
57506
54855
51744
25790
55001
79861
29104
54854
54112
57097
64067
9227
55040
29116
79930
79635
56300
79935
79940
54457
389136
55005
64092
10858
10686
54852
26575
23491
51206
58157
55103
25823
80000
51149
80267
27115
56673
80059
441024
114818
64772
9310
51554
55199
55193
10699
10110
55509
10777
79725
64799
170679
55821
64100
79595
55671
57602
56996
54943
54798
54813
64922
6954
29999
58511
79822
64240
51314
57158
27436
11147
60494
79841
79842
64641
51557
26281
55466
79854
63970
222487
7042
79883
10089
29986
51806
51086
79895
51078
53347
29761
79748
79908
50613
26279
7827
152015
79025
84033
50489
9348
79927
28983
51302
79057
79934
55532
55908
54814
29124
79962
25806
79230
10164
11255
56660
79015
79444
54896
23539
55304
55095
114044
53919
80034
80071
80117
51272
80177
89874
64078
55924
29058
80831
9464
10936
26297
25897
55283
55423
84187
54221
54828
57817
9381
1761
79770
51266
7761
10880
54752
10881
6561
11081
2974
51733
150160
57127
63904
54993
25890
3982
54830
55054
23418
550
55052
28959
79097
55138
55237
55613
79924
54777
60598
56547
51297
56245
60385
54537
10343
26272
57084
7224
55015
79955
23439
55690
10077
2019
29125
51214
54905
50944
55328
2826
23533
22807
56729
56981
43847
80031
387751
54507
80129
80164
80201
64223
55653
80258
55036
29951
79092
54859
80262
55784
10841
22933
56985
51497
54989
202181
9209
1600
54843
79747
55711
55205
55063
54544
2301
79782
80705
2001
51156
10047
54549
55539
27159
64172
29954
50809
9496
170680
64446
79843
23624
79853
79400
55179
54827
51348
51287
105
340351
6553
55388
347240
23619
23614
79931
55175
56938
55262
58483
55657
26508
11141
51213
25862
1789
25819
57718
80339
11095
1005
55225
55267
50700
30009
54954
55124
51154
25979
79780
55853
11173
80020
80032
414918
63978
80070
80072
80110
60482
80157
54207
197320
55707
80243
10861
80772
57337
80704
27330
26505
9990
27068
55768
55764
29949
51720
29075
51157
79741
64175
10826
51145
51084
50854
55065
80700
54538
64184
79788
51347
54584
151987
55679
54766
1456
79819
63920
60467
10243
54808
55293
3770
63971
10501
51702
50487
50514
43849
64066
10911
55089
55072
9238
64232
11280
11107
55511
64388
57596
79066
79948
9247
29766
51179
23415
57559
7161
3274
51764
3049
51298
9629
10394
11148
57105
29119
23566
7223
79981
2587
55243
140290
8708
50939
51301
51311
54860
55628
54932
55732
25879
51224
55289
7638
29991
27136
29018
29942
4284
23590
11174
25769
56301
55835
56936
57091
56934
51202
152992
29968
59335
57663
80045
85476
80069
266977
80125
80128
80144
57523
57728
80217
29944
54407
60495
63976
26290
79024
79670
79064
55755
55766
10691
54878
54149
26355
55471
57115
54682
26000
476
78996
55683
29974
54477
54545
29990
51715
112398
64693
54986
29943
79363
81876
81492
81873
79943
10867
85294
64806
81870
81858
114897
81851
57669
81850
81849
83440
56001
81833
81796
81790
114899
81693
140545
81627
81491
29091
81626
81624
81622
81619
81617
81618
81490
81608
64850
51129
81606
81603
83452
81602
83439
81543
56165
81035
81034
56259
83449
81033
81031
83448
83482
81579
81577
81029
83478
81575
80975
56156
56155
83464
83447
50807
26503
79789
8863
29083
4139
55028
27343
54676
27231
11022
51192
23406
7099
9033
9953
63891
64718
64377
51289
80763
51204
57805
10392
55130
79958
79961
9132
9177
9966
55079
80833
55607
50508
55239
10022
22806
23629
55140
9992
55374
10242
29113
140803
55779
55335
55584
51233
50940
55801
26280
51384
258
55891
27039
54848
54967
54979
30813
27094
23591
51146
51208
51378
28990
2658
51380
29933
29924
55825
29935
27202
56955
56979
26261
56344
56676
10086
51085
23563
50616
8074
83446
59336
59340
728621
80099
80111
117153
80115
80122
80133
84223
80199
80222
29919
79157
54819
51136
79184
1103
6343
64096
7711
55689
55118
26960
79684
56914
80896
56911
54816
26012
54101
22955
54715
27010
54758
55681
26249
54964
1154
79877
55515
51805
55006
51742
55051
26287
57579
60468
9392
81551
23762
79368
79369
79370
7855
81554
54904
81558
83463
83444
83445
83394
83460
81932
81930
56159
81566
66035
83443
23435
81556
81501
81926
81537
83442
81890
59067
81563
727800
81562
81493
83480
3218
54332
8128
51237
6041
2845
1750
84939
80328
8643
50619
1149
7007
55507
9376
54328
23742
80737
28999
29930
30820
10818
84991
2259
57226
9340
9293
2661
27006
57828
56130
58158
56128
10017
30819
64111
80329
50834
56659
26285
23538
1129
1493
9210
50943
56006
474
11086
442194
1046
80739
26531
26529
2867
26476
1133
4880
7441
3224
3350
4994
2847
1146
22953
1132
2832
2668
2693
4975
3361
2848
2895
2862
4825
4342
4759
4543
8995
5623
8390
8822
11317
9350
10316
7350
2865
4995
64106
8383
30814
50840
50832
9288
9287
50838
50837
50839
50836
60401
53904
27091
4992
11172
27179
57369
56124
56656
56132
3238
9196
81623
64600
53637
81792
81571
81555
81285
8392
81669
79718
56157
81847
81797
81894
26291
81892
81888
83461
64960
56158
10741
2928
4159
51052
50833
26189
11085
83468
56154
81533
56123
26692
81853
57818
666
7473
50831
56244
3355
9038
4993
50835
55554
6369
4991
8590
5030
4160
2829
2854
27178
10955
103910
6138
6648
665
3184
10776
9334
2029
51596
81848
51271
64422
7259
27335
22980
54583
81609
8675
339044
3839
51606
81611
30000
8562
2744
84065
10813
51451
9440
55031
6468
55143
51659
84079
58528
63916
83483
79365
80349
83638
55341
5361
1978
83716
11160
10025
8559
80895
83743
27090
57406
84061
51176
79003
6646
23410
3275
8996
55327
54806
29081
7187
65010
51540
9518
11165
7462
92815
3778
27092
1875
55009
4329
54478
84060
29100
28971
9214
9409
51268
79366
7475
55620
51533
57408
54469
9501
51616
23787
79135
654434
55863
63827
440515
54514
8911
10785
118433
54996
55367
23597
55769
79844
60626
56342
54797
55726
23780
9960
55160
140459
50615
93408
10864
29108
26353
27034
8022
53944
56994
23603
29980
51513
1834
56100
60506
54908
9400
55272
51227
55655
4869
64981
55168
10746
55359
440738
64581
79009
7311
64220
80213
83990
79720
80143
55850
55275
55898
55194
29086
54663
79929
81616
57835
10163
10923
1290
124583
54865
133619
2768
57148
56005
54915
10238
8266
7145
253943
3157
79646
54434
254102
113791
93436
92579
159
63935
221037
91300
7357
55603
3069
6120
54737
55844
2004
55578
29117
84934
80853
85377
54431
5238
26119
51372
51560
4915
54480
80233
57698
29982
55209
80305
9367
54455
11057
51131
57171
80789
11021
84148
54934
90355
220972
90806
5911
7798
83752
83696
84861
5791
57707
60559
81570
57513
5317
644096
55793
23232
57586
93129
203197
400961
7702
57535
388969
400451
58986
5316
2122
25861
54862
253980
63925
9563
25994
84851
387509
131408
114112
115708
84900
79140
6853
5128
29899
84818
83451
32
81929
51218
57502
55152
285203
64975
11276
27079
196743
2982
2018
57570
5165
79971
90362
56834
11247
5079
25926
51150
100129250
84034
79137
54800
79086
6134
11248
122704
51231
339448
728855
2785
3954
1297
196483
64288
50863
255812
26873
7596
10471
2321
4173
146909
1416
284325
728448
51011
9466
80755
123872
353189
1285
51686
29127
5313
10249
146562
100134713
148753
26065
8642
2940
466
2967
28511
23627
347902
58513
125058
55839
26084
57187
54681
55763
221078
29960
55750
51105
8528
730051
64743
64419
57576
55288
50804
26010
9236
57599
10003
9510
79029
55357
51586
11285
100132923
51531
55909
55108
57665
54700
56926
65084
29956
63875
11000
29992
79816
55815
26525
342538
6290
54784
6154
55860
55379
64421
79007
55454
55616
7771
27434
51477
25818
10766
23409
25896
26205
56893
29774
100137047
23677
23626
79939
221092
84951
84928
57223
85477
64895
150244
55798
285830
100506469
147657
10345
3747
10485
57466
100126791
388569
259173
201895
10018
284217
376412
50848
26137
643224
3268
23446
79829
347853
23704
284649
54555
23307
3273
2000
10495
9684
9683
9673
9667
8189
5533
4881
1477
4641
10555
29894
2110
8484
6915
9399
5195
4744
4134
116985
1043
22993
9894
6253
4626
4040
23395
23510
23381
23263
27134
8861
10906
9513
5598
6405
2975
6015
7067
8859
1952
9814
1497
23201
4285
23354
4534
7264
6439
1401
5467
3700
9786
6901
9902
8175
27241
23349
7701
23523
23094
1301
41
1760
1839
60343
1186
9026
23129
6440
23549
55611
9580
7454
360
8115
1540
7001
3263
10591
374655
10675
375449
4059
25970
56848
5252
254531
1822
2767
23038
7004
79095
10801
55565
26051
23328
9620
219699
27315
150726
90956
55135
85360
23462
80183
54531
30846
79903
64785
54985
55101
90864
54910
54552
55615
54920
11178
93643
112869
79155
30827
51147
196403
83937
11108
7942
26088
54976
339229
55311
25837
9442
54961
55049
389677
58525
53838
92335
79959
1296
85352
89853
79701
57610
27147
83637
57787
57572
93210
79591
57473
57048
51092
55238
64834
92595
1856
84619
51063
55223
55701
80022
138162
55589
376267
55662
79890
84820
2931
63876
5526
91860
51275
57175
126298
158747
64748
78992
63897
85002
283232
25960
89941
79874
100289678
6376
79716
11033
4034
399664
54869
90379
60
